198
0 1138 1177 1219 1261 1220 1183 1614 1642 1656 1672 1686 1701 1728 1692 1627 1648 1772 1814 1878 1934 1872 1831 1928 1963 1958 1937 1898 1858 1893 1871 1891 1930 1949 2024 1926 1907 1869 2000 1615 1687 1813 1830 1866 1921 1979 2017 2096 2131 2092 2053 2014 1976 1938 1884 1866 1813 1833 1885 1902 1956 1994 2167 2125 2048 1974 1920 1903 1851 1943 1870 1921 1938 1991 2028 2103 2121 2141 2216 2196 2101 2028 2010 1957 1906 1908 1975 2027 2063 2082 2212 2232 2192 2173 2155 2118 2064 2046 1994 1944 2190 2209 2263 2282 2320 2378 2397 2476 2472 2453 2434 2395 2375 2356 2424 2442 2461 2499 2518 2537 2478 2441 2560 2646 2704 2733 2782 2829 2813 2775 2755 2772 2791 2788 2808 2827 2900 2722 2638 2805 2825 2822 2841 2879 2877 2858 2839 2856 2875 2913 2951 2892 2873 2678 2695 2712 2730 2747 2783 2859 2891 2910 3004 3042 3100 3120 2462 2568 2687 2766 2920 2989 3789 3859 3880 3810 3899 3972 4020 3979 3882 3799 3889 3987 4035 4236 4163 3951 3880 3906 3977 4188 4260 4013 4098 4172 4153 4079
1138 0 76 152 160 92 51 485 521 540 560 579 599 773 743 736 762 914 965 1041 1046 970 920 1024 1052 1031 1006 957 907 936 893 918 967 992 1072 949 925 876 1029 622 651 774 797 844 915 988 1036 1134 1165 1117 1068 1020 972 924 853 830 761 773 841 864 934 981 1197 1133 1037 943 874 852 785 897 797 863 886 954 1000 1094 1117 1142 1222 1198 1080 988 965 898 832 824 910 977 1022 1045 1207 1231 1171 1148 1125 1079 1012 989 923 860 1158 1182 1238 1261 1308 1377 1400 1495 1481 1457 1434 1388 1364 1341 1386 1408 1431 1477 1499 1522 1438 1393 1523 1625 1693 1727 1784 1839 1806 1761 1737 1749 1772 1761 1784 1806 1888 1680 1581 1774 1796 1786 1809 1852 1843 1821 1799 1812 1834 1877 1922 1847 1825 1590 1611 1631 1651 1671 1713 1802 1839 1861 1969 2013 2080 2102 1528 1651 1682 1774 1944 1990 3101 3174 3175 3102 3179 3255 3305 3256 3154 3061 3156 3257 3308 3491 3415 3192 3117 3125 3201 3423 3499 3304 3402 3478 3477 3401
1177 76 0 76 92 51 92 437 469 485 503 521 540 698 668 660 686 838 889 965 970 895 844 949 977 957 931 882 832 862 820 845 894 918 998 876 852 803 956 548 580 704 727 774 844 916 964 1061 1092 1045 996 948 901 853 784 761 694 706 773 795 864 910 1125 1062 967 874 807 785 719 830 733 797 819 886 931 1024 1047 1071 1151 1127 1011 921 898 832 768 762 845 910 955 977 1137 1161 1102 1079 1057 1012 946 923 860 798 1091 1114 1170 1193 1239 1308 1330 1424 1410 1388 1365 1318 1295 1272 1320 1342 1364 1409 1431 1453 1372 1328 1457 1557 1625 1659 1715 1770 1737 1693 1670 1682 1705 1695 1717 1739 1820 1614 1518 1708 1730 1720 1743 1786 1777 1756 1734 1747 1769 1812 1856 1783 1761 1532 1552 1571 1591 1611 1651 1739 1775 1797 1904 1947 2014 2036 1455 1577 1613 1704 1874 1922 3025 3098 3099 3026 3103 3179 3230 3180 3078 2985 3080 3181 3232 3415 3340 3117 3041 3050 3125 3348 3423 3228 3326 3402 3401 3325
1219 152 76 0 51 92 160 398 423 437 453 469 485 623 593 584 610 762 813 889 895 819 769 873 902 882 857 808 758 789 747 772 821 845 925 803 780 732 883 474 511 637 659 704 774 845 892 988 1020 973 925 877 830 784 716 694 628 642 706 728 795 841 1053 991 898 807 741 719 656 764 671 733 754 819 863 955 977 1001 1081 1057 943 854 832 768 706 703 782 845 889 911 1068 1091 1035 1012 990 946 881 860 798 739 1024 1047 1102 1125 1170 1239 1261 1354 1341 1318 1296 1250 1227 1205 1255 1276 1298 1342 1364 1386 1307 1264 1392 1491 1557 1591 1647 1701 1670 1626 1603 1616 1639 1629 1651 1673 1753 1550 1456 1643 1665 1656 1678 1720 1712 1691 1669 1684 1705 1747 1791 1719 1698 1475 1494 1513 1533 1552 1591 1677 1713 1734 1840 1882 1948 1969 1382 1504 1545 1636 1804 1854 2949 3022 3023 2950 3027 3103 3154 3104 3002 2909 3004 3106 3157 3340 3264 3041 2966 2975 3050 3272 3348 3153 3250 3326 3325 3249
1261 160 92 51 0 76 152 353 381 397 414 431 449 615 586 586 612 764 815 890 890 815 764 867 895 873 848 798 748 777 733 758 808 832 912 789 764 715 868 463 490 614 637 684 755 828 876 974 1005 957 908 860 811 764 694 671 602 615 682 704 774 821 1037 973 877 784 716 694 628 738 641 706 727 795 841 934 957 981 1062 1037 921 830 807 741 676 671 754 819 863 886 1047 1071 1012 988 966 921 854 832 768 706 1000 1023 1079 1102 1148 1217 1240 1335 1321 1298 1275 1228 1204 1182 1229 1250 1273 1318 1340 1363 1280 1237 1366 1466 1534 1568 1625 1679 1647 1602 1579 1591 1614 1603 1626 1648 1729 1523 1426 1616 1639 1629 1651 1695 1686 1664 1642 1656 1678 1720 1764 1691 1669 1441 1461 1480 1500 1520 1560 1647 1684 1705 1813 1856 1922 1944 1368 1491 1522 1614 1784 1831 2949 3022 3022 2949 3025 3101 3152 3102 3000 2906 3001 3103 3154 3335 3260 3036 2961 2968 3044 3267 3342 3151 3249 3325 3325 3249
1220 92 51 92 76 0 76 397 431 449 469 488 508 690 662 662 688 840 890 966 966 890 840 943 970 949 923 873 823 852 807 832 882 907 986 862 838 789 942 538 562 684 707 755 827 901 949 1047 1078 1030 981 932 883 835 764 741 671 682 751 774 844 892 1110 1045 948 853 784 761 694 807 706 772 795 863 910 1005 1028 1053 1133 1109 990 898 874 807 741 733 819 886 931 955 1117 1142 1081 1057 1035 988 921 898 832 768 1068 1091 1147 1171 1217 1288 1311 1406 1391 1368 1345 1298 1274 1251 1295 1317 1340 1386 1408 1431 1347 1302 1432 1534 1602 1637 1694 1749 1715 1670 1647 1658 1682 1670 1693 1715 1797 1588 1490 1682 1705 1695 1717 1761 1751 1730 1707 1720 1743 1786 1830 1756 1734 1499 1520 1539 1560 1580 1621 1710 1747 1769 1878 1922 1989 2011 1441 1565 1591 1684 1855 1900 3025 3098 3098 3025 3101 3177 3228 3178 3076 2982 3077 3179 3230 3411 3335 3112 3036 3044 3119 3342 3418 3227 3325 3401 3401 3325
1183 51 92 160 152 76 0 449 488 508 529 549 570 766 738 738 764 915 966 1042 1042 966 915 1019 1046 1024 998 949 898 927 881 907 957 981 1061 936 912 862 1016 614 634 755 779 827 900 974 1022 1121 1151 1103 1054 1005 956 907 835 811 741 751 821 844 915 964 1183 1117 1020 924 853 830 761 876 772 841 863 933 981 1076 1100 1125 1205 1180 1061 967 943 874 807 797 886 954 1000 1024 1188 1213 1151 1127 1104 1057 988 965 898 832 1137 1161 1217 1240 1288 1358 1382 1478 1462 1439 1415 1368 1344 1321 1363 1385 1408 1455 1477 1500 1414 1369 1499 1602 1671 1706 1764 1819 1784 1738 1715 1726 1750 1737 1761 1783 1865 1654 1555 1749 1772 1761 1784 1828 1818 1796 1773 1786 1809 1852 1897 1821 1799 1559 1580 1600 1621 1642 1684 1774 1812 1834 1944 1988 2056 2079 1515 1639 1661 1754 1925 1969 3101 3174 3174 3101 3177 3253 3304 3253 3152 3058 3153 3255 3305 3487 3411 3188 3112 3119 3195 3418 3493 3303 3401 3477 3477 3401
1614 485 437 398 353 397 449 0 51 76 102 127 152 489 479 540 560 684 728 795 755 684 637 723 740 709 684 635 587 604 548 573 623 648 718 593 568 518 664 361 307 384 409 460 535 612 662 764 787 737 686 636 585 534 458 433 357 356 432 457 533 584 813 737 635 534 458 433 357 478 359 435 460 535 586 688 713 739 817 791 664 564 538 463 389 370 468 542 593 618 793 819 748 722 698 648 573 548 474 402 727 753 807 832 882 957 981 1082 1061 1036 1012 962 936 912 940 963 988 1037 1061 1084 988 940 1073 1181 1253 1290 1350 1408 1365 1317 1293 1302 1326 1311 1335 1358 1443 1223 1118 1321 1345 1330 1354 1400 1387 1364 1341 1352 1375 1421 1467 1386 1363 1113 1134 1155 1177 1198 1242 1336 1374 1398 1512 1557 1628 1651 1144 1271 1246 1343 1518 1550 2792 2864 2856 2784 2852 2928 2979 2926 2825 2728 2823 2925 2976 3147 3071 2847 2771 2771 2847 3071 3147 2981 3082 3158 3166 3090
1642 521 469 423 381 431 488 51 0 25 51 76 101 445 437 503 521 641 684 750 707 637 590 675 691 659 634 587 538 555 498 524 573 598 668 543 518 468 614 323 261 334 359 409 485 561 611 713 736 686 636 585 534 483 407 382 306 305 381 406 482 533 762 686 585 483 407 382 306 427 309 384 409 485 535 637 662 688 766 740 614 514 488 413 339 321 418 492 542 568 743 769 698 672 648 598 524 498 425 354 677 703 757 782 832 906 931 1031 1011 986 962 912 887 862 891 915 940 988 1012 1036 940 893 1025 1133 1205 1241 1301 1359 1317 1269 1245 1254 1278 1264 1288 1311 1395 1176 1073 1274 1298 1284 1308 1353 1341 1318 1294 1306 1329 1374 1421 1340 1317 1071 1092 1113 1134 1155 1198 1291 1329 1352 1466 1511 1581 1604 1093 1220 1197 1294 1468 1502 2741 2814 2806 2733 2801 2877 2928 2876 2774 2677 2772 2874 2925 3096 3020 2796 2720 2720 2796 3020 3096 2930 3032 3107 3115 3039
1656 540 485 437 397 449 508 76 25 0 26 51 76 423 416 485 503 620 663 728 684 614 568 652 667 635 611 563 515 531 474 499 549 573 643 518 494 444 589 306 239 309 334 384 460 536 586 688 711 662 611 560 509 458 382 357 281 280 356 381 457 508 737 661 560 458 382 357 281 402 284 359 384 460 510 612 637 663 741 715 589 489 463 389 314 298 394 468 518 543 718 744 673 648 623 573 499 474 402 330 653 678 733 758 808 882 906 1007 986 962 937 888 862 838 868 891 916 964 988 1012 917 870 1002 1109 1181 1217 1277 1335 1293 1246 1222 1231 1255 1240 1264 1288 1371 1154 1051 1251 1275 1261 1285 1330 1318 1295 1272 1284 1307 1352 1398 1318 1295 1051 1072 1092 1114 1134 1177 1269 1308 1330 1443 1488 1558 1581 1068 1195 1173 1270 1444 1478 2717 2789 2781 2708 2777 2852 2903 2851 2749 2652 2747 2849 2900 3071 2995 2771 2695 2695 2771 2995 3071 2905 3007 3082 3090 3014
1672 560 503 453 414 469 529 102 51 26 0 25 50 402 396 468 485 599 641 705 660 590 545 627 642 611 586 538 490 506 449 474 524 548 617 493 468 419 563 289 218 284 308 359 434 511 560 662 685 636 585 534 483 432 356 331 255 254 330 355 431 482 711 635 534 432 356 331 255 376 259 334 359 434 485 586 611 637 715 689 563 463 438 363 289 273 369 443 492 518 692 718 648 622 598 548 474 449 377 307 628 653 707 733 782 856 881 981 961 936 912 862 837 813 844 867 891 940 963 987 893 846 978 1085 1157 1193 1252 1310 1268 1222 1197 1207 1231 1217 1240 1264 1347 1130 1028 1227 1251 1238 1261 1307 1294 1272 1249 1260 1284 1328 1374 1295 1272 1031 1051 1071 1092 1113 1155 1247 1285 1308 1420 1465 1535 1557 1042 1169 1148 1245 1419 1454 2691 2763 2755 2682 2751 2826 2877 2825 2723 2626 2721 2823 2874 3045 2969 2745 2669 2669 2745 2969 3045 2879 2981 3057 3064 2989
1686 579 521 469 431 488 549 127 76 51 25 0 25 381 377 452 469 579 620 684 637 568 523 604 619 587 562 515 467 482 425 450 499 524 593 468 444 394 539 275 198 259 284 334 409 486 535 637 661 611 560 509 458 407 331 306 230 229 305 330 406 457 686 611 509 407 331 306 230 351 234 309 334 409 460 561 586 612 690 664 538 439 413 339 265 250 345 418 468 493 668 693 623 598 573 524 450 425 354 284 603 629 683 708 758 832 856 957 936 912 888 838 813 789 820 844 868 916 940 963 870 823 955 1062 1133 1169 1229 1286 1245 1198 1174 1184 1208 1194 1217 1240 1324 1108 1006 1204 1228 1215 1239 1284 1272 1250 1226 1238 1261 1306 1352 1273 1250 1011 1032 1051 1072 1092 1134 1225 1263 1286 1398 1442 1512 1535 1017 1144 1125 1221 1395 1430 2666 2738 2730 2657 2726 2801 2852 2800 2698 2602 2696 2798 2849 3020 2944 2720 2644 2644 2720 2944 3020 2854 2956 3032 3039 2964
1701 599 540 485 449 508 570 152 101 76 50 25 0 362 359 437 453 560 600 663 614 546 501 581 595 563 538 491 444 458 402 426 475 499 568 444 420 370 514 262 180 235 259 309 384 461 511 612 636 586 535 484 433 382 306 281 206 204 280 305 381 432 661 586 484 382 306 281 206 326 210 284 309 384 435 536 561 587 665 640 514 414 389 314 241 228 321 394 444 469 643 669 599 573 549 499 426 402 330 262 579 604 659 684 734 808 832 932 912 888 863 814 789 764 797 820 845 892 916 940 847 801 932 1038 1109 1145 1205 1262 1222 1175 1151 1161 1185 1171 1195 1217 1301 1085 984 1182 1205 1193 1216 1261 1250 1227 1204 1216 1239 1284 1329 1251 1229 992 1012 1032 1052 1072 1114 1204 1242 1264 1375 1420 1489 1512 992 1119 1101 1197 1371 1407 2641 2714 2705 2632 2701 2777 2827 2775 2673 2577 2671 2773 2824 2995 2919 2695 2619 2619 2695 2919 2995 2829 2931 3007 3014 2939
1728 773 698 623 615 690 766 489 445 423 402 381 362 0 36 130 127 198 239 307 280 205 154 254 280 259 234 185 137 170 144 163 205 227 307 198 180 148 274 153 184 185 180 180 205 252 289 375 409 366 325 287 254 227 205 203 217 241 229 230 250 275 445 397 325 273 255 254 265 271 289 279 280 297 318 377 395 413 488 468 381 330 321 306 309 339 331 345 363 375 485 504 469 452 437 410 378 370 357 360 472 488 539 557 593 650 670 754 747 726 706 667 647 629 702 719 736 772 791 809 756 723 836 918 976 1006 1057 1106 1086 1047 1027 1044 1064 1061 1080 1099 1173 997 922 1078 1097 1095 1114 1151 1150 1132 1113 1132 1150 1186 1223 1168 1150 989 1002 1015 1029 1043 1072 1140 1169 1186 1277 1314 1373 1392 764 883 960 1042 1203 1265 2342 2415 2412 2339 2413 2489 2540 2490 2388 2293 2388 2490 2541 2721 2646 2422 2346 2354 2429 2652 2728 2540 2639 2715 2717 2641
1692 743 668 593 586 662 738 479 437 416 396 377 359 36 0 102 105 205 251 322 305 229 178 281 309 290 265 218 171 205 180 199 240 262 341 234 216 183 310 129 180 205 203 209 239 288 325 410 444 402 361 323 289 261 234 229 233 259 255 259 284 310 480 433 361 307 284 280 283 300 308 305 308 329 352 413 431 449 524 504 416 364 354 334 331 359 359 377 397 409 521 540 505 488 473 445 411 402 384 382 508 524 575 593 629 686 706 789 782 762 742 703 683 665 738 755 772 808 827 845 792 759 872 954 1012 1042 1092 1142 1122 1083 1063 1080 1100 1097 1116 1135 1209 1033 958 1114 1133 1132 1150 1187 1186 1168 1149 1168 1186 1222 1259 1204 1186 1024 1037 1050 1064 1078 1108 1175 1205 1222 1313 1350 1409 1428 797 916 996 1078 1238 1300 2367 2440 2438 2365 2440 2515 2566 2516 2414 2320 2415 2517 2568 2749 2673 2450 2374 2382 2458 2681 2756 2566 2665 2741 2742 2666
1627 736 660 584 586 662 738 540 503 485 468 452 437 130 102 0 26 178 229 305 322 251 205 307 341 332 310 271 235 270 262 275 307 324 397 310 297 274 377 180 262 306 305 309 330 367 397 469 504 467 433 402 375 354 334 331 334 359 357 360 378 398 541 505 445 402 384 382 384 400 409 407 409 425 443 493 508 524 594 576 501 458 450 435 433 460 460 474 490 500 595 612 586 571 558 535 507 499 486 484 593 606 655 671 703 754 772 849 846 827 809 773 755 739 818 833 849 882 899 916 871 841 948 1025 1079 1107 1155 1202 1187 1150 1132 1150 1168 1168 1186 1204 1275 1110 1040 1186 1204 1205 1222 1257 1258 1241 1223 1243 1260 1294 1329 1279 1262 1114 1126 1138 1151 1164 1191 1254 1282 1298 1384 1419 1475 1494 841 955 1061 1138 1293 1362 2365 2438 2440 2367 2444 2520 2570 2521 2420 2327 2422 2523 2574 2759 2683 2461 2386 2397 2472 2693 2769 2569 2667 2742 2741 2665
1648 762 686 610 612 688 764 560 521 503 485 469 453 127 105 26 0 152 203 279 297 227 183 284 318 310 289 252 219 254 250 262 290 306 377 296 284 265 360 199 275 309 306 306 321 353 381 449 485 449 416 387 363 345 331 330 339 364 356 357 370 387 521 488 432 394 382 381 389 396 413 406 407 418 434 479 493 508 576 559 488 450 444 433 435 463 458 468 482 490 579 595 571 558 546 524 499 493 484 486 580 593 640 655 686 736 754 829 827 808 791 755 738 722 803 817 833 865 881 898 856 827 932 1007 1060 1088 1135 1181 1168 1132 1113 1132 1150 1150 1168 1185 1255 1093 1025 1169 1186 1187 1205 1239 1240 1223 1206 1226 1243 1276 1311 1262 1245 1102 1114 1125 1138 1150 1177 1239 1265 1282 1366 1401 1456 1475 819 931 1042 1118 1272 1341 2339 2412 2414 2341 2418 2494 2545 2495 2394 2301 2396 2497 2548 2733 2658 2435 2360 2371 2446 2668 2743 2543 2641 2716 2715 2639
1772 914 838 762 764 840 915 684 641 620 599 579 560 198 205 178 152 0 51 127 163 114 102 163 198 205 194 180 180 203 235 230 230 235 284 254 255 265 289 330 381 366 353 330 309 306 314 353 387 364 345 334 330 334 354 363 401 423 387 378 360 356 423 411 384 384 402 410 444 409 466 434 425 409 406 419 425 434 489 477 439 433 435 450 477 511 474 460 457 458 500 511 507 499 494 486 484 486 499 524 524 531 570 580 602 641 655 719 722 706 691 663 649 637 727 738 750 775 789 803 778 757 848 910 957 981 1024 1067 1061 1028 1011 1032 1048 1051 1067 1083 1148 1005 949 1072 1088 1092 1108 1138 1143 1128 1113 1134 1149 1179 1210 1170 1155 1045 1053 1062 1071 1081 1102 1154 1177 1191 1266 1298 1349 1366 691 797 937 1006 1152 1228 2187 2260 2262 2189 2266 2342 2393 2344 2242 2150 2244 2346 2397 2582 2507 2285 2209 2222 2296 2517 2593 2391 2489 2565 2563 2487
1814 965 889 813 815 890 966 728 684 663 641 620 600 239 251 229 203 51 0 76 127 102 114 137 170 185 180 180 194 209 251 241 230 229 265 259 265 284 280 378 423 397 381 353 322 306 306 330 363 345 334 330 334 345 375 387 432 452 410 398 370 360 398 394 381 394 421 432 472 425 493 454 443 419 409 409 413 419 467 458 433 439 444 467 501 535 490 468 460 458 482 490 494 489 486 483 489 494 515 546 514 518 554 562 580 614 627 686 691 676 663 637 625 614 707 717 727 750 762 775 757 738 824 881 925 948 989 1030 1027 996 980 1001 1016 1021 1037 1051 1115 979 927 1043 1058 1064 1078 1107 1113 1099 1085 1107 1121 1149 1179 1142 1128 1030 1037 1045 1053 1062 1081 1129 1150 1164 1235 1265 1315 1331 650 754 904 970 1113 1192 2136 2209 2211 2138 2215 2291 2342 2293 2191 2099 2193 2295 2346 2532 2456 2234 2159 2171 2246 2467 2542 2340 2438 2514 2512 2436
1878 1041 965 889 890 966 1042 795 750 728 705 684 663 307 322 305 279 127 76 0 102 127 163 129 152 180 185 205 234 239 290 275 250 241 254 284 296 325 284 450 489 449 431 397 353 321 309 309 339 331 331 339 354 375 416 432 485 503 452 437 398 378 370 382 389 421 458 472 521 459 539 493 479 443 425 407 406 407 444 439 435 458 467 501 544 579 523 490 474 468 463 468 484 483 484 489 506 515 546 585 508 509 538 543 555 580 590 641 649 637 625 604 595 587 684 691 699 717 727 738 731 717 793 842 881 903 940 979 980 951 937 959 973 980 994 1007 1067 943 900 1002 1016 1024 1037 1064 1071 1059 1046 1068 1081 1107 1134 1103 1091 1012 1017 1023 1030 1037 1053 1094 1114 1126 1191 1220 1266 1282 593 691 860 920 1057 1140 2060 2133 2135 2062 2139 2215 2266 2217 2116 2023 2118 2219 2270 2456 2381 2159 2084 2097 2171 2392 2467 2265 2362 2438 2436 2360
1934 1046 970 895 890 966 1042 755 707 684 660 637 614 280 305 322 297 163 127 102 0 76 127 35 50 80 92 126 170 162 219 198 162 148 152 198 215 254 184 433 450 387 366 325 270 227 209 209 240 229 229 240 261 289 341 360 422 437 377 359 310 284 274 280 289 331 377 395 452 375 467 413 396 352 329 305 304 305 345 339 334 363 375 416 467 502 437 397 377 369 363 369 382 381 382 389 410 421 458 504 406 407 438 443 457 488 500 559 564 549 536 511 500 490 586 594 603 624 636 648 634 618 699 754 798 821 863 904 900 869 853 874 889 894 909 924 988 852 804 916 930 937 951 980 986 972 958 980 994 1021 1051 1015 1001 912 918 925 932 940 958 1003 1024 1037 1108 1138 1188 1205 528 636 777 844 989 1066 2062 2135 2133 2060 2135 2211 2262 2211 2109 2016 2110 2212 2263 2445 2370 2146 2071 2080 2155 2378 2453 2261 2360 2436 2438 2362
1872 970 895 819 815 890 966 684 637 614 590 568 546 205 229 251 227 114 102 127 76 0 51 57 91 92 80 80 107 113 163 148 129 127 170 160 170 198 179 357 378 325 306 270 227 205 205 239 274 250 234 228 234 250 289 305 360 377 325 310 274 259 310 297 279 297 331 345 395 332 413 366 352 321 308 308 313 321 375 363 331 339 345 375 416 452 397 369 359 356 386 397 394 389 384 381 389 394 421 458 413 419 457 466 488 528 543 610 611 595 579 549 535 523 613 624 636 662 676 690 664 643 734 798 846 872 916 960 951 917 900 920 937 940 956 972 1039 891 835 960 976 980 996 1027 1031 1016 1000 1021 1037 1067 1099 1057 1042 932 940 948 958 967 988 1040 1064 1078 1155 1187 1240 1257 592 704 827 898 1048 1121 2138 2211 2209 2136 2211 2287 2338 2287 2185 2091 2186 2288 2339 2521 2445 2222 2146 2155 2231 2453 2528 2337 2436 2512 2514 2438
1831 920 844 769 764 840 915 637 590 568 545 523 501 154 178 205 183 102 114 163 127 51 0 105 136 127 107 80 80 101 137 129 130 137 198 152 154 170 193 306 330 287 270 239 209 205 217 270 305 275 250 234 228 234 261 274 322 341 296 284 259 254 342 318 284 284 307 318 360 311 380 340 329 308 304 321 329 340 402 387 339 331 334 354 387 422 377 359 355 356 409 422 411 402 394 384 382 384 402 432 425 434 476 488 514 559 575 647 646 629 612 579 564 549 636 648 662 691 706 721 688 664 761 830 881 907 953 999 987 952 934 953 971 972 989 1006 1075 920 858 992 1009 1011 1028 1061 1063 1047 1031 1051 1067 1099 1133 1087 1071 948 958 967 978 988 1012 1068 1092 1108 1188 1222 1276 1294 636 750 862 936 1089 1159 2189 2262 2260 2187 2262 2338 2389 2338 2236 2142 2237 2339 2390 2572 2496 2273 2197 2206 2281 2504 2579 2388 2487 2563 2565 2489
1928 1024 949 873 867 943 1019 723 675 652 627 604 581 254 281 307 284 163 137 129 35 57 105 0 35 51 57 92 137 127 184 163 127 114 129 163 180 219 154 407 420 353 332 290 235 194 180 194 227 209 203 209 227 254 306 325 387 402 342 324 275 251 262 259 259 297 342 359 416 340 432 377 361 318 297 279 280 284 330 321 306 330 341 381 431 467 402 364 345 339 345 354 360 357 356 360 378 387 423 469 382 384 418 425 443 479 493 557 559 544 529 501 488 477 570 580 590 614 627 640 620 602 687 747 794 819 862 905 898 865 848 869 885 889 904 920 986 843 790 910 925 930 945 975 980 965 951 972 987 1016 1047 1007 993 894 901 908 916 925 944 993 1015 1029 1103 1135 1186 1204 535 647 774 844 993 1066 2088 2161 2158 2085 2159 2235 2286 2236 2134 2039 2134 2236 2287 2468 2392 2169 2093 2102 2177 2399 2475 2286 2385 2461 2464 2388
1963 1052 977 902 895 970 1046 740 691 667 642 619 595 280 309 341 318 198 170 152 50 91 136 35 0 36 57 104 154 137 194 170 127 108 102 163 183 227 137 433 439 364 341 297 235 183 161 161 194 180 180 194 219 252 310 331 397 409 346 326 271 240 228 230 241 290 342 361 422 337 437 377 359 310 284 255 254 255 298 290 285 319 332 378 433 468 397 353 330 321 314 322 332 331 332 340 364 376 417 467 356 357 389 394 411 445 458 521 524 509 494 467 455 444 538 547 557 580 593 606 587 570 654 713 759 783 827 870 863 830 813 834 850 854 869 885 950 809 758 875 890 895 910 940 945 930 916 938 952 981 1012 973 959 863 870 877 884 893 911 959 981 995 1068 1100 1151 1168 501 614 739 808 957 1031 2065 2137 2134 2061 2134 2210 2261 2210 2108 2014 2109 2211 2262 2441 2366 2142 2066 2074 2149 2372 2448 2261 2361 2437 2440 2364
1958 1031 957 882 873 949 1024 709 659 635 611 587 563 259 290 332 310 205 185 180 80 92 127 51 36 0 26 76 127 105 161 137 92 72 80 127 148 194 104 410 410 330 307 262 199 148 130 148 182 160 152 160 183 216 275 296 363 375 310 290 235 205 219 209 209 254 306 325 387 301 401 341 323 275 250 228 229 234 284 273 255 284 297 342 397 432 361 318 297 289 297 307 309 306 305 309 330 341 381 431 331 334 369 377 397 437 452 521 521 504 488 458 444 432 523 533 545 570 584 599 573 554 643 706 755 781 827 872 861 827 809 829 846 848 865 881 949 800 744 869 885 889 904 936 940 924 909 930 945 975 1008 965 951 844 852 860 868 877 898 949 972 987 1064 1097 1150 1168 511 627 736 809 962 1032 2091 2164 2160 2087 2159 2235 2286 2235 2133 2038 2133 2235 2286 2465 2389 2165 2089 2096 2171 2394 2470 2287 2387 2463 2466 2391
1937 1006 931 857 848 923 998 684 634 611 586 562 538 234 265 310 289 194 180 185 92 80 107 57 57 26 0 50 101 80 137 113 71 57 92 107 126 170 101 384 384 307 284 239 180 136 127 163 198 170 154 154 170 198 254 274 340 352 289 270 219 194 235 217 205 239 287 305 366 284 380 322 305 261 240 229 234 241 297 284 254 273 284 325 377 413 345 307 289 283 307 318 315 309 306 306 321 330 366 413 334 339 377 387 409 452 468 540 539 521 505 473 458 445 534 545 557 585 599 614 585 563 656 723 773 800 846 892 880 844 827 846 863 865 882 899 967 814 755 885 902 904 921 953 956 940 924 945 961 992 1025 981 965 852 860 868 878 888 909 962 987 1002 1081 1114 1168 1186 534 651 754 829 983 1052 2117 2190 2186 2113 2185 2261 2312 2261 2159 2064 2159 2261 2312 2491 2415 2191 2115 2122 2197 2420 2496 2313 2413 2489 2492 2417
1898 957 882 808 798 873 949 635 587 563 538 515 491 185 218 271 252 180 180 205 126 80 80 92 104 76 50 0 51 36 92 72 51 57 126 80 92 127 113 335 335 262 240 199 149 127 136 198 233 198 170 154 154 170 216 234 296 310 252 235 194 180 270 239 205 217 254 270 325 254 341 289 275 241 229 240 249 261 325 310 259 259 265 297 342 377 318 289 280 279 330 345 330 321 314 306 309 315 341 381 345 354 397 409 437 485 502 579 575 557 539 504 487 472 557 570 584 614 630 647 609 584 683 755 808 836 884 931 917 880 861 880 898 898 916 933 1004 843 779 917 935 936 953 987 989 972 955 975 992 1025 1059 1011 995 868 877 887 898 909 933 990 1016 1032 1114 1149 1205 1223 580 698 791 868 1025 1091 2167 2240 2236 2163 2235 2311 2362 2311 2209 2114 2209 2311 2362 2541 2465 2241 2165 2171 2247 2470 2546 2363 2463 2539 2542 2466
1858 907 832 758 748 823 898 587 538 515 490 467 444 137 171 235 219 180 194 234 170 107 80 137 154 127 101 51 0 35 57 51 72 92 170 80 76 92 143 285 285 219 199 163 130 137 162 239 274 234 198 170 154 154 183 198 254 270 219 205 180 180 310 270 217 205 227 239 287 231 305 261 250 229 229 261 274 289 359 341 273 254 255 274 310 345 297 280 280 284 360 377 353 341 330 314 305 306 322 353 363 375 422 437 468 521 539 620 614 595 576 539 521 504 584 599 614 647 664 682 637 609 714 791 846 875 924 973 955 917 898 916 935 933 952 970 1042 875 806 952 970 970 988 1023 1023 1006 989 1008 1025 1059 1095 1044 1027 887 898 909 921 933 959 1020 1047 1064 1150 1186 1243 1262 627 747 829 909 1068 1132 2218 2291 2287 2214 2286 2362 2413 2362 2260 2165 2260 2362 2413 2592 2516 2292 2216 2222 2298 2521 2597 2414 2514 2589 2593 2517
1893 936 862 789 777 852 927 604 555 531 506 482 458 170 205 270 254 203 209 239 162 113 101 127 137 105 80 36 35 0 57 36 37 57 137 51 57 92 107 314 306 227 205 163 114 105 127 205 239 199 163 137 127 137 180 198 261 275 216 199 161 153 275 235 185 185 219 234 289 219 305 254 239 209 203 227 239 254 324 306 241 230 235 262 306 341 284 259 254 255 325 342 319 307 298 285 281 285 307 346 330 341 387 402 433 485 504 585 579 560 541 503 485 469 549 564 579 612 629 646 602 575 679 755 811 840 889 938 920 882 863 881 899 898 917 935 1007 840 772 917 935 935 953 988 988 971 953 973 990 1024 1060 1009 992 854 865 875 887 899 924 985 1012 1029 1114 1150 1208 1227 595 715 794 874 1034 1097 2195 2268 2263 2190 2262 2338 2389 2337 2235 2140 2235 2337 2388 2565 2489 2266 2190 2195 2271 2494 2570 2389 2490 2565 2570 2494
1871 893 820 747 733 807 881 548 498 474 449 425 402 144 180 262 250 235 251 290 219 163 137 184 194 161 137 92 57 57 0 26 77 102 180 57 36 35 136 274 254 170 148 107 76 108 148 241 273 228 183 144 113 101 126 143 204 218 162 148 127 137 307 254 183 152 170 182 233 175 250 204 193 177 184 234 251 270 346 325 239 205 203 217 254 289 240 228 234 241 341 361 326 310 297 274 255 254 265 296 331 346 396 413 449 508 528 614 606 585 565 524 504 485 559 575 593 629 647 666 613 581 692 775 834 864 916 966 944 905 884 901 921 917 937 956 1031 854 780 935 954 952 971 1008 1006 988 969 988 1006 1042 1080 1024 1006 852 864 876 889 902 930 996 1025 1043 1133 1171 1230 1250 635 758 818 902 1065 1124 2248 2321 2315 2242 2313 2389 2440 2389 2287 2191 2286 2388 2439 2615 2539 2316 2240 2244 2320 2543 2619 2441 2542 2618 2623 2547
1891 918 845 772 758 832 907 573 524 499 474 450 426 163 199 275 262 230 241 275 198 148 129 163 170 137 113 72 51 36 26 0 51 76 154 35 25 57 113 298 280 194 171 127 80 92 126 217 249 205 162 126 104 104 144 162 227 239 180 163 130 129 284 234 170 154 183 198 254 185 269 218 204 179 179 218 233 251 325 305 227 203 205 227 270 305 250 229 229 234 322 341 310 296 284 265 254 255 274 310 318 331 380 396 431 487 507 592 584 564 544 504 485 467 543 558 575 610 628 647 596 566 675 755 813 843 894 944 924 884 864 881 901 898 917 936 1010 836 764 916 935 933 952 989 987 969 951 970 988 1023 1061 1006 989 841 852 863 876 889 916 980 1008 1025 1114 1151 1210 1230 610 733 797 880 1042 1102 2222 2295 2289 2216 2287 2363 2414 2363 2261 2165 2260 2362 2413 2589 2513 2290 2214 2218 2294 2517 2593 2415 2516 2592 2597 2521
1930 967 894 821 808 882 957 623 573 549 524 499 475 205 240 307 290 230 230 250 162 129 130 127 127 92 71 51 72 37 77 51 0 25 104 36 57 105 71 346 331 241 218 171 108 76 91 170 204 162 126 104 104 127 183 205 273 284 219 199 149 130 239 198 154 170 216 234 296 213 310 251 234 193 179 193 204 218 287 269 209 209 217 254 306 341 275 241 229 228 289 305 284 273 265 255 259 265 297 342 297 307 352 366 396 449 467 549 543 523 504 467 449 432 513 527 543 575 592 610 566 539 642 718 774 803 853 902 884 845 826 844 863 861 880 898 971 803 736 880 898 898 916 951 951 934 917 936 953 987 1023 972 955 820 830 841 852 863 889 949 975 992 1078 1114 1171 1190 562 683 757 838 998 1061 2172 2244 2238 2165 2236 2312 2363 2312 2210 2114 2209 2311 2362 2538 2462 2239 2163 2167 2243 2466 2542 2364 2465 2541 2546 2470
1949 992 918 845 832 907 981 648 598 573 548 524 499 227 262 324 306 235 229 241 148 127 137 114 108 72 57 57 92 57 102 76 25 0 80 57 80 129 56 370 356 265 241 194 127 80 80 148 182 144 113 101 113 144 205 227 297 307 239 219 163 137 219 183 152 183 234 254 318 229 330 269 251 204 184 184 193 204 270 254 205 217 227 270 325 360 289 250 234 229 274 289 274 265 259 254 265 274 310 359 289 297 340 352 381 431 449 528 523 504 485 449 432 416 500 513 528 559 575 592 552 527 627 701 755 784 833 881 864 827 808 826 844 844 862 880 951 788 723 863 881 881 899 933 934 917 900 920 937 970 1006 956 940 811 821 830 841 852 876 934 960 976 1060 1095 1152 1171 538 659 738 817 977 1040 2147 2219 2213 2141 2211 2287 2338 2287 2185 2089 2184 2286 2337 2513 2437 2214 2138 2142 2218 2441 2517 2339 2440 2516 2521 2445
2024 1072 998 925 912 986 1061 718 668 643 617 593 568 307 341 397 377 284 265 254 152 170 198 129 102 80 92 126 170 137 180 154 104 80 0 127 152 203 57 450 433 334 309 259 185 113 72 72 107 80 80 107 148 194 265 289 363 369 297 274 205 163 144 130 148 219 284 307 377 274 386 318 296 234 198 154 152 154 205 194 185 234 252 310 375 409 325 270 239 227 217 227 230 229 230 241 275 290 342 402 254 255 289 297 318 361 377 452 449 431 414 381 366 353 443 454 466 493 508 523 494 474 564 632 683 710 758 805 791 754 736 755 773 774 791 808 878 723 665 794 811 813 830 863 865 849 833 854 869 901 935 889 874 764 772 780 788 798 818 871 895 910 990 1024 1079 1097 458 579 665 742 899 965 2074 2146 2139 2067 2136 2212 2263 2211 2109 2014 2109 2211 2262 2437 2361 2137 2061 2064 2140 2364 2440 2265 2366 2442 2448 2372
1926 949 876 803 789 862 936 593 543 518 493 468 444 198 234 310 296 254 259 284 198 160 152 163 163 127 107 80 80 51 57 35 36 57 127 0 25 76 80 330 306 209 185 137 72 57 92 185 217 171 127 92 76 92 148 170 240 250 183 163 114 102 251 199 137 137 180 198 261 177 274 215 198 160 152 183 198 216 290 270 194 180 185 219 270 305 239 209 203 205 287 306 275 262 251 235 230 235 262 306 284 297 345 361 395 452 472 558 549 529 509 469 449 431 508 523 540 575 593 611 561 531 639 720 778 808 860 910 889 849 829 846 866 863 882 901 975 801 729 881 899 898 917 953 952 934 916 935 953 988 1025 971 953 808 818 830 842 854 881 945 973 990 1079 1116 1175 1194 579 703 762 845 1008 1068 2200 2273 2266 2193 2263 2339 2390 2338 2236 2141 2236 2338 2389 2564 2488 2264 2188 2191 2267 2491 2567 2391 2492 2568 2574 2499
1907 925 852 780 764 838 912 568 518 494 468 444 420 180 216 297 284 255 265 296 215 170 154 180 183 148 126 92 76 57 36 25 57 80 152 25 0 51 104 307 281 185 161 114 57 72 113 209 240 194 148 107 80 80 127 148 217 227 163 144 105 105 274 219 148 130 163 180 239 163 254 198 183 154 154 198 215 234 310 289 205 178 180 205 252 287 227 205 205 209 305 325 290 275 262 241 229 230 251 290 296 310 360 377 413 472 493 580 570 549 529 488 468 449 523 539 557 593 611 630 577 546 656 739 798 828 880 931 909 869 848 865 885 881 901 920 995 818 744 899 918 916 935 972 970 952 933 952 970 1006 1044 988 970 818 830 841 854 867 895 961 989 1007 1097 1135 1194 1214 603 727 782 866 1030 1088 2225 2298 2291 2218 2288 2364 2415 2363 2261 2166 2261 2363 2414 2589 2513 2289 2213 2216 2292 2516 2592 2416 2517 2593 2599 2523
1869 876 803 732 715 789 862 518 468 444 419 394 370 148 183 274 265 265 284 325 254 198 170 219 227 194 170 127 92 92 35 57 105 129 203 76 51 0 154 262 230 137 114 72 57 114 160 259 289 241 194 148 107 80 92 107 170 183 127 114 105 127 322 262 180 129 137 148 198 144 215 170 160 154 170 234 254 275 353 331 234 185 180 185 219 254 209 205 217 227 345 366 324 306 290 262 235 230 235 262 325 342 395 413 452 514 535 625 614 593 571 529 508 488 557 574 593 631 650 670 610 577 692 778 839 870 923 975 951 910 889 904 925 920 940 960 1036 854 776 937 957 953 973 1011 1008 989 970 988 1007 1044 1083 1024 1006 841 854 867 881 895 925 994 1024 1042 1136 1174 1235 1255 653 777 824 910 1076 1131 2276 2348 2342 2269 2339 2415 2466 2414 2312 2217 2312 2414 2465 2640 2564 2340 2264 2267 2343 2567 2643 2467 2568 2644 2650 2574
2000 1029 956 883 868 942 1016 664 614 589 563 539 514 274 310 377 360 289 280 284 184 179 193 154 137 104 101 113 143 107 136 113 71 56 57 80 104 154 0 410 384 280 255 205 130 56 26 105 137 92 57 57 92 137 209 234 308 314 241 217 149 108 171 128 105 163 227 250 321 217 329 261 239 180 148 130 137 149 216 199 153 183 199 254 318 352 270 219 194 185 219 235 218 210 206 206 228 240 288 346 235 242 284 297 326 378 397 480 473 453 434 396 378 362 445 458 473 505 521 539 497 471 572 648 704 733 783 832 813 775 755 773 792 791 809 827 900 733 667 809 827 827 845 881 881 863 846 866 883 917 953 902 885 756 765 775 785 796 820 879 905 922 1007 1043 1100 1120 499 623 687 768 930 991 2128 2200 2192 2119 2189 2265 2315 2263 2161 2065 2160 2262 2313 2487 2411 2187 2111 2114 2190 2414 2489 2317 2418 2494 2501 2426
1615 622 548 474 463 538 614 361 323 306 289 275 262 153 129 180 199 330 378 450 433 357 306 407 433 410 384 335 285 314 274 298 346 370 450 330 307 262 410 0 102 205 219 252 310 376 421 515 547 501 455 410 366 325 270 254 217 242 275 290 342 381 581 524 437 359 310 297 265 332 289 318 331 377 413 493 514 536 615 593 488 414 397 353 322 339 375 416 449 467 606 628 580 560 541 503 453 437 398 370 576 596 650 671 712 776 797 886 876 854 833 790 768 747 810 829 849 889 910 930 864 826 947 1037 1100 1132 1185 1237 1212 1170 1149 1164 1185 1179 1199 1220 1297 1108 1024 1194 1215 1210 1230 1270 1265 1246 1226 1243 1263 1301 1341 1279 1259 1072 1088 1103 1120 1136 1169 1245 1277 1296 1393 1433 1495 1515 908 1030 1085 1172 1337 1393 2495 2567 2565 2492 2566 2642 2693 2642 2541 2446 2541 2643 2694 2874 2798 2575 2499 2506 2581 2804 2880 2693 2792 2868 2870 2794
1687 651 580 511 490 562 634 307 261 239 218 198 180 184 180 262 275 381 423 489 450 378 330 420 439 410 384 335 285 306 254 280 331 356 433 306 281 230 384 102 0 127 148 194 265 340 389 489 518 469 419 370 321 273 205 183 127 149 199 219 284 330 549 483 387 296 234 216 170 257 193 234 251 310 353 444 467 491 571 547 432 346 325 270 227 241 289 341 381 402 557 581 524 501 480 437 378 359 310 274 514 536 592 614 659 728 750 845 830 808 785 739 716 694 747 767 789 832 854 875 800 759 884 981 1047 1080 1136 1190 1159 1116 1093 1107 1129 1120 1142 1163 1243 1044 954 1134 1156 1149 1170 1212 1205 1184 1163 1179 1199 1240 1282 1214 1194 992 1009 1025 1043 1060 1096 1176 1210 1230 1332 1374 1438 1460 882 1007 1034 1125 1294 1343 2501 2574 2569 2496 2567 2643 2694 2642 2541 2445 2540 2642 2693 2869 2793 2569 2493 2497 2573 2797 2873 2695 2795 2871 2876 2800
1813 774 704 637 614 684 755 384 334 309 284 259 235 185 205 306 309 366 397 449 387 325 287 353 364 330 307 262 219 227 170 194 241 265 334 209 185 137 280 205 127 0 25 76 152 229 279 381 407 357 306 255 205 154 80 57 35 57 72 92 160 209 435 364 265 170 107 92 80 130 104 113 126 182 227 321 345 370 450 425 307 219 198 148 127 154 170 215 254 275 434 458 398 375 353 310 252 234 194 178 387 410 466 488 534 604 627 723 707 684 661 614 590 568 620 640 662 706 727 749 673 632 757 854 921 954 1011 1066 1033 989 967 980 1002 993 1015 1037 1117 917 828 1007 1029 1021 1043 1085 1078 1057 1036 1051 1072 1113 1155 1087 1067 869 885 901 918 935 970 1049 1083 1103 1205 1247 1312 1333 769 895 909 1000 1171 1217 2408 2480 2472 2400 2469 2545 2596 2543 2441 2345 2440 2542 2593 2766 2690 2466 2390 2392 2467 2691 2767 2597 2699 2774 2781 2706
1830 797 727 659 637 707 779 409 359 334 308 284 259 180 203 305 306 353 381 431 366 306 270 332 341 307 284 240 199 205 148 171 218 241 309 185 161 114 255 219 148 25 0 51 127 204 254 356 382 332 281 230 180 129 57 36 56 71 57 72 137 185 410 340 241 148 92 80 91 113 113 104 113 162 205 298 321 346 426 402 284 199 180 137 129 160 160 198 234 254 410 434 376 353 332 290 235 219 185 180 366 388 444 467 512 581 604 699 684 661 638 591 568 546 599 620 641 684 706 727 653 613 737 833 899 932 988 1043 1011 968 945 959 981 972 994 1015 1095 897 809 987 1008 1001 1022 1064 1057 1037 1016 1032 1052 1092 1134 1067 1047 854 869 885 902 918 953 1031 1064 1084 1185 1226 1290 1312 744 870 886 977 1147 1195 2383 2455 2447 2375 2444 2520 2571 2518 2416 2320 2415 2517 2568 2741 2665 2441 2365 2367 2442 2666 2742 2572 2674 2749 2756 2681
1866 844 774 704 684 755 827 460 409 384 359 334 309 180 209 309 306 330 353 397 325 270 239 290 297 262 239 199 163 163 107 127 171 194 259 137 114 72 205 252 194 76 51 0 76 153 203 305 331 281 230 180 129 80 25 35 104 113 57 51 92 137 360 290 194 107 76 80 126 91 143 104 101 126 162 250 273 298 378 354 239 163 148 127 148 182 152 170 198 216 363 387 332 310 290 252 205 194 178 194 325 346 401 423 467 534 557 651 637 614 591 546 523 501 559 579 599 641 662 683 613 574 696 790 854 887 943 997 967 924 902 916 938 930 951 972 1051 857 772 945 966 960 981 1021 1016 996 975 992 1012 1051 1092 1028 1008 824 839 854 869 885 918 993 1025 1045 1144 1184 1248 1268 693 819 841 931 1100 1150 2332 2405 2397 2324 2393 2469 2520 2467 2365 2269 2364 2466 2517 2690 2614 2390 2314 2316 2392 2615 2691 2521 2623 2699 2706 2630
1921 915 844 774 755 827 900 535 485 460 434 409 384 205 239 330 321 309 322 353 270 227 209 235 235 199 180 149 130 114 76 80 108 127 185 72 57 57 130 310 265 152 127 76 0 77 127 229 255 206 155 105 57 25 80 104 179 184 113 92 51 72 285 218 127 76 107 126 193 106 204 143 126 101 113 183 205 228 307 284 180 130 127 148 198 233 170 152 160 170 296 319 271 252 235 205 180 178 194 234 270 288 341 361 402 467 488 581 568 546 524 480 458 437 503 521 540 579 599 620 556 522 638 727 790 822 876 929 902 860 838 854 875 869 889 910 987 800 720 885 905 901 921 960 956 937 917 935 954 992 1032 971 952 785 798 811 825 839 869 940 970 989 1084 1123 1185 1205 618 744 776 863 1031 1084 2257 2329 2321 2248 2317 2393 2444 2391 2290 2193 2288 2390 2441 2614 2538 2314 2238 2240 2316 2539 2615 2445 2547 2623 2630 2555
1979 988 916 845 828 901 974 612 561 536 511 486 461 252 288 367 353 306 306 321 227 205 205 194 183 148 136 127 137 105 108 92 76 80 113 57 72 114 56 376 340 229 204 153 77 0 50 152 179 129 80 35 36 81 155 180 255 259 185 161 92 57 209 148 80 108 171 194 265 161 273 205 183 127 104 126 143 162 239 218 136 137 149 199 262 296 216 170 154 152 233 254 219 205 194 180 185 194 235 290 227 239 289 305 341 401 422 511 500 479 458 416 396 377 452 467 485 521 539 558 505 475 584 667 726 757 810 861 838 797 777 793 813 809 829 848 924 746 673 827 846 844 863 900 898 880 861 880 898 934 972 916 898 750 761 772 785 797 824 889 917 935 1025 1063 1123 1143 542 668 711 796 962 1018 2181 2253 2244 2172 2240 2316 2367 2314 2213 2116 2211 2313 2364 2537 2461 2237 2161 2163 2239 2462 2538 2369 2470 2546 2554 2478
2017 1036 964 892 876 949 1022 662 611 586 560 535 511 289 325 397 381 314 306 309 209 205 217 180 161 130 127 136 162 127 148 126 91 80 72 92 113 160 26 421 389 279 254 203 127 50 0 102 129 81 36 35 80 129 205 229 305 308 234 209 137 92 161 108 80 148 217 240 313 204 320 249 227 162 126 104 113 127 199 180 127 162 180 239 307 340 254 198 170 160 198 216 194 185 180 180 205 219 270 331 209 217 261 275 306 361 381 467 458 437 417 378 359 342 422 437 452 485 503 521 475 448 552 630 687 717 768 818 797 758 738 755 775 772 791 810 884 713 645 791 809 808 827 863 862 844 827 846 863 898 935 882 865 732 741 751 762 773 798 858 885 902 989 1025 1084 1103 493 618 671 754 917 976 2131 2203 2195 2122 2190 2266 2317 2265 2163 2067 2161 2263 2314 2487 2411 2187 2111 2113 2189 2412 2488 2319 2421 2496 2504 2428
